5391	5170	6007	6326	3033	5049	3772	6601	9625	3248	2507	1591	6887	6329	9182	7622	5983	6821	7760	8523	8458	6815	9681	9598	71	1106	1503	1994	3435	5179	9384	513	882	3722	1337	7725	5216	2338	3521	128	2713	3616	3111	93	1577	2232	2500	351	7138	2474	5343	6311	3552	2596	5364	8163	9162	8241	9215	4234	5399	4591	8203	996	3721	7102	4002	1782	763	8420	5023	6667	3283	4606	9368	6654	724	7393	8017	3189	4740	8079	2063	5959	1972	4277	1307	6861	5553	6000	9278	5894	8933	6847	9455	517	4475	5876	1126	6582	
1646	5701	4764	7230	9228	5391	8049	3423	1564	2202	858	6314	6985	199	6069	8319	9002	2677	6762	4720	384	1107	5536	709	1419	2912	5864	6328	6105	2799	2154	3680	9468	7543	3195	8443	455	5238	2264	5395	5957	4629	1585	7268	6198	6726	6037	212	7830	5978	181	3168	1244	783	7832	2072	9676	8566	9323	3297	3081	5507	1298	7129	843	2574	7168	7479	2312	2183	6639	6095	1219	5942	5388	4293	3406	2352	8034	4842	7580	9350	5921	5810	3224	4759	4906	614	8315	8581	1163	2468	8702	8341	2578	1684	8877	6048	767	7414	
8852	71	8858	2487	7049	5283	1534	6515	1109	3274	8721	8532	4464	7966	6609	4008	984	4687	8076	5424	3342	6209	907	3717	4365	6328	5629	9062	5048	9951	5676	9436	2734	6729	3710	7038	2956	5743	5051	9936	5376	4839	1045	1142	6374	8853	4072	1991	2705	5596	1168	653	7975	6845	4386	9736	697	4656	456	5138	7182	4768	2652	8189	2395	513	6063	7945	4353	6605	4087	1218	7891	3019	1683	5509	6002	6129	8764	4243	5990	9328	4763	8463	1836	5118	5857	5873	6039	7602	5654	4381	4308	6343	5233	1133	8430	691	7425	4875	
1162	5330	4902	6331	8144	6123	7327	5029	6455	484	8561	4176	1068	7329	5872	2890	4239	872	445	4948	5978	4832	3820	9690	1134	8040	4561	6577	891	9844	9543	8152	4028	6513	1724	4289	2062	8442	9197	1209	3771	291	9705	2387	5942	7171	1924	4531	8965	1151	6811	9813	1990	2448	3134	6766	336	9895	6431	2075	5927	9159	4294	4406	1275	1536	9646	5751	7118	5084	9920	7606	8960	4258	777	7950	5193	7608	8299	7069	9618	5670	2957	2649	7488	2470	1536	2125	8126	1047	399	1504	6854	3984	4257	374	4411	8833	9551	3056	
8358	630	4044	1839	2491	5573	2454	4838	9912	1846	4760	1933	9034	994	2281	4706	8507	2468	2613	9162	3980	1181	2885	2501	4570	8628	525	3871	5200	5801	8099	546	2793	5194	9287	7641	4785	8671	3939	5024	1159	2976	9088	3847	5761	6439	5458	1029	8028	1760	2194	3401	9997	3357	566	4332	7001	469	8494	3842	5054	2140	558	6432	7404	798	1283	5927	5364	7365	4244	9278	3739	1275	5959	862	3642	5033	1628	1030	8710	4221	3946	3087	5367	2202	6820	8970	1527	3322	7112	1366	1272	6718	5860	2125	9170	6902	5429	2254	
8025	7483	6493	9381	8903	970	9376	6230	235	3372	6363	8634	3725	2128	6626	3424	4108	794	2117	5300	1847	4692	3534	4205	6676	3170	9225	5823	2352	7188	3168	2353	1140	4517	1666	2490	3728	5217	352	7461	4806	1251	9876	3683	9654	2971	4798	751	5090	4655	6508	6396	4189	5001	5701	6763	4197	8894	8770	6377	9561	926	5369	1349	7497	9303	1720	6911	2249	2308	7195	9100	9633	2771	4713	214	2068	7428	7681	4961	4507	6334	7949	4664	782	3404	8560	2789	2974	3844	4145	5887	1969	167	1092	1998	219	6132	2145	8282	
5846	5624	4820	2577	7230	1808	8160	9640	7644	4639	8640	5369	1580	7098	9084	8154	8893	161	3620	4414	4132	840	8348	8117	8717	1524	5204	3775	2816	4305	2019	7021	3628	1167	2896	4360	2771	8142	604	9851	849	9710	9151	3067	233	4617	9725	2856	5374	3724	8501	4763	6043	3792	7910	4559	5457	5543	1390	2060	715	226	7265	2670	302	4256	5714	1300	6898	528	7665	3829	9863	5831	8129	5917	3174	7757	6165	6292	2310	6258	4406	544	2104	254	5315	4689	3983	2550	8598	4394	6927	7531	1279	6800	6753	3788	4672	2282	
1968	8667	51	2280	723	3885	75	5296	7367	1963	7942	612	4392	230	2652	96	7181	8264	6152	5631	1821	7845	991	4125	8257	5055	3361	5382	6216	3913	587	6237	9633	7651	3655	7674	6104	9509	6817	9275	5552	4455	4022	6171	9289	2492	6411	7775	7263	4671	4023	3181	7487	1606	5119	6664	2118	6483	2748	3510	4103	9626	394	2002	4425	1180	6303	2301	571	481	4550	9296	101	5	5736	956	1628	3081	7863	3666	609	5178	1958	9663	2056	7215	2215	303	5648	5948	6674	5923	1667	4227	9199	3469	9755	2794	5825	9495	
2223	9543	9759	8691	4681	1944	896	381	7958	8800	563	7053	2233	3036	9688	7609	60	4275	7853	5175	5316	8955	7817	3408	8719	3545	5775	4816	1677	5872	2880	6170	3640	379	7856	8489	8258	2933	9955	337	986	4229	3571	5219	7866	3096	2145	6623	3039	9110	2133	8532	838	8455	7524	1491	9248	4718	8014	4818	4114	6115	6864	5820	5451	9967	8812	4917	2434	6368	6291	3324	6556	7517	9037	8585	6791	9123	6405	7957	6071	6445	867	9113	4986	9746	8423	4991	4329	8921	6271	8261	2797	8327	9413	2832	1084	7625	6328	1500	
5599	2957	6662	9601	6129	1834	7763	8594	8758	5505	8088	3088	6949	9371	8250	7835	3940	3361	8230	3928	4286	2411	6679	7517	676	6624	3683	2665	6029	6892	3304	1090	7707	7120	9294	2358	4012	7842	249	7347	9625	4933	9854	9186	111	4964	399	269	4599	6664	3061	6114	4500	4234	6121	287	5673	2465	8399	1597	868	2220	3423	6954	9163	3020	5921	4254	4562	6537	1941	1743	5813	6021	7468	352	632	1149	2390	5444	553	8955	9113	9456	3166	6713	3402	5599	5329	7056	1452	1375	2581	398	802	5688	4803	5014	3218	4333	
3190	9329	297	2203	7359	4995	789	5742	4597	841	1442	1027	8652	8126	2900	1768	3649	6236	2078	2464	4736	751	3677	739	9491	293	469	5537	3047	4082	5477	903	8284	400	8905	7658	9769	36	5036	4401	1433	7340	9144	239	7894	564	3644	8397	2432	4263	2312	1255	8650	7651	7592	3613	8274	6517	7723	8297	1787	4084	9391	1136	5993	3577	5178	4177	6376	5228	9559	2395	5448	3482	3468	4204	665	4626	1380	3843	720	2959	1566	2327	8659	9903	3600	6048	5415	5059	3737	8515	8627	1423	6418	4748	2400	5009	496	8100	
2192	3502	9834	4897	9207	152	7937	9804	1835	3708	864	3902	1636	3879	8897	4532	4527	25	9402	9842	3429	7298	5570	5332	6099	8872	8212	3583	3845	4139	6767	6454	7316	6367	6839	9624	3402	7609	6124	2854	8318	6405	2148	3554	2016	8580	9048	2052	7074	8339	1336	6662	8016	4230	5132	1615	4750	1987	9624	9741	2061	1291	9898	9995	1850	9108	8723	6978	2211	1713	5056	2172	5671	2755	8709	9027	2505	4984	4597	8280	7807	2898	9872	3440	7149	6371	7961	9385	1210	3460	178	5146	1916	5445	2390	4472	3189	2766	6323	2629	
8809	8372	2195	4642	5034	6616	4133	1142	1298	1081	2493	1687	1980	7354	7972	3684	8384	4686	3789	9829	1545	2511	5014	8714	9381	3085	263	2753	7400	5124	4490	8419	3645	8295	5782	2813	8987	9545	2714	3645	8079	8026	5011	2370	2044	1310	4426	1942	5403	9081	445	1368	8528	1527	5112	6721	7772	1832	736	8697	1225	8584	2812	2194	8293	2797	9712	4417	589	9050	6711	7421	1605	7056	6028	6944	9938	6739	6533	3242	9141	8875	6829	8661	6084	9505	7117	6308	6662	6089	3430	7428	3690	5168	7549	9604	8420	8970	3651	3617	
3782	1982	3056	5098	4647	2030	780	8707	5315	5118	1273	4740	8127	5285	5713	9793	1287	849	2311	8533	7430	8293	2316	7351	8224	5710	257	111	559	4019	8500	3106	8169	426	8489	4360	9066	2136	7286	3311	3411	5088	8667	3288	2479	9549	4540	8864	1662	1099	6140	921	7840	1359	8488	4918	3567	5222	8573	2518	3417	7195	8054	2647	8681	3666	8726	1532	6353	1298	2207	4441	9798	3680	2669	6155	9944	7654	5235	6628	6509	6946	655	7668	3129	3083	1787	2900	6939	8942	7203	5388	3927	4550	1407	229	4092	9002	2412	2104	
2897	3969	7419	9316	5729	5344	5077	9423	9103	4340	5657	3156	4344	7899	6308	5819	836	1613	556	3302	9656	6168	265	2535	3244	3993	5328	5887	7828	5126	862	9777	7069	3976	5613	4341	5765	2534	4390	5897	8279	892	4531	1106	722	3050	4223	8160	5670	4889	3885	2015	538	8569	8418	9738	9372	454	6320	3802	1158	5033	2719	8668	6441	2587	2026	5168	9657	1524	5796	8925	8085	5025	9909	3730	7713	7603	8629	2904	1762	1028	227	6100	693	5333	3570	6536	4204	6771	7233	4233	4214	5273	3333	7803	1418	1390	8838	5832	
4736	8958	1523	9376	8604	7271	1106	4569	2808	5578	7880	4808	2252	9969	9329	7528	3517	9136	8509	2903	4479	8324	3688	81	7496	264	2820	6899	9939	742	2996	5137	2430	3386	8791	5700	336	1218	9583	2555	7594	9442	238	8354	7209	3365	6876	5904	7829	9901	1272	4634	3642	8923	2104	5173	9456	9994	606	4425	5769	9382	5769	353	8134	6826	7061	9982	5190	6727	1536	9883	6941	9568	6474	4268	6988	7490	2584	1167	5283	194	3621	1733	1952	7630	5894	4346	6322	4805	4072	591	6095	1506	3961	4377	1550	8499	303	2483	
3937	521	3897	4350	5923	616	2640	4568	3930	4526	873	8106	6441	8529	3322	3756	3973	3168	5974	4435	6242	8955	6503	2635	4601	3119	3671	5759	6728	5881	1275	8517	1014	9756	8525	6215	97	5038	484	7052	2326	2140	3234	853	8300	4190	8634	3683	6206	342	9307	3413	4723	5745	7246	2319	1020	6784	1256	5831	1641	1568	4332	9369	3080	389	3328	5067	5403	3510	42	4922	6597	5217	6824	947	609	1039	377	9438	5614	9330	2842	8548	8043	4251	7536	7489	9803	2009	6831	9508	7461	9228	9430	9060	9387	3799	9816	2973	
3989	7891	8807	7608	9626	4000	2862	8088	7146	4454	3387	8657	1946	7930	3591	4595	5244	9373	420	1380	8923	4030	8498	1579	4784	6432	6557	9736	9684	102	4871	3986	2499	3002	1309	7544	2009	1677	3145	1881	396	2808	9188	8400	9189	2210	5861	3718	1628	8090	7147	9499	6975	4580	3827	7343	9310	6321	3926	4811	7447	4310	9777	9117	1689	8095	2578	3680	5111	9324	13	2490	8475	8553	2648	7983	9875	8220	7465	9090	141	7144	9562	748	6635	5646	182	2517	9187	8163	3891	4239	9702	2700	7244	5779	8507	8213	121	7299	
2327	3810	8893	1342	4507	877	1612	7698	4873	2126	7543	6571	4948	569	2614	2458	5604	624	8528	193	6403	3097	1002	8490	6903	8507	9194	807	8684	7826	1670	4565	4973	9538	8894	6410	5551	9048	7811	8893	619	5979	8898	6420	8437	8785	3665	9544	4717	7519	9029	5174	6882	5945	3870	4783	1966	9591	9855	9022	6130	5288	4158	1385	6510	3152	4212	7281	2093	29	8993	7236	4539	7319	2767	386	3236	9174	4769	5004	6379	3310	3657	2792	7587	7733	243	2705	6654	9077	6913	5244	3087	2412	4803	1349	3150	2896	754	9527	
8151	433	3146	7211	8735	7127	9042	4232	2005	90	9849	3577	6513	241	5999	7676	6796	6994	9549	3174	9019	4311	1602	2788	8729	9202	7083	1388	7263	6471	877	1570	7235	6264	4882	8038	3867	1726	7166	4827	3308	9203	381	4867	4003	5980	3612	4293	431	4483	5808	5825	5354	9748	9574	3658	3106	6653	5160	642	4600	8952	8873	8003	7155	4421	7565	6361	3874	2912	600	4430	1613	1490	2210	7869	134	5828	7571	6632	2514	4910	7201	7861	2382	3549	4355	6035	1423	8243	6848	1515	8762	152	2681	5553	2573	1054	1248	7529	
9960	4738	5604	4950	7835	1566	3690	1309	3630	556	5385	4121	1671	1141	4114	520	6667	9064	3322	4403	8132	7590	8678	5690	2203	8393	6354	7246	6275	1541	9054	936	1074	2295	7237	7638	1308	9434	3211	2678	3933	4408	7586	331	5411	4477	8441	3341	3318	2728	1826	621	7701	2235	8558	6117	9070	6433	5096	8270	1962	2047	2075	9499	691	5267	3328	51	4178	6793	6968	1196	1849	5213	3090	6163	4922	9290	8649	7816	2850	3185	7117	8581	4390	1701	1485	3823	920	5683	9294	1942	2934	816	7307	2119	6575	8890	1065	3856	
1699	5024	5300	8659	5718	5469	3644	2036	7760	9136	7862	2493	5460	9671	6640	4273	459	7082	8245	5292	4284	5156	3833	7353	9579	91	7746	7694	491	6977	7091	6258	6833	6419	2934	9615	8599	3790	2580	1986	6473	882	7716	8400	7231	543	2623	7666	1496	9500	2716	6560	159	726	9101	1596	3709	8725	3636	8485	9002	4235	4691	6861	5217	5333	479	7540	7344	6372	7120	9475	9577	309	9816	5924	920	252	1021	6366	5840	1984	261	7743	7236	6287	6333	8259	751	8114	470	3953	2465	5116	9068	4500	5383	4348	7140	4118	
9030	2465	4162	5912	355	2077	2020	9311	5026	7410	4879	137	3577	2794	1076	9822	2463	6979	1134	8737	6087	710	5434	9604	1459	9256	2419	8571	4871	5754	2794	8985	7516	8123	6799	1848	6253	9406	5982	2484	9329	8470	2984	5430	5285	7693	6525	9151	8053	788	2147	6986	1943	6325	5078	788	1413	4388	7100	7623	7829	5476	3156	3522	8182	9222	794	2756	5961	8939	457	6263	474	4379	3886	794	5769	8271	5828	7751	4057	3992	7906	5331	5733	3714	605	3251	74	307	3179	3388	1333	4894	4325	2275	89	9364	5304	195	
6285	3562	329	8668	7664	3797	7906	3097	2954	7314	5742	4154	7392	8610	4364	1952	4355	8322	3443	9591	8710	6793	2195	7485	7658	7931	3123	8561	6441	8699	4509	4727	5755	6749	8706	3912	2999	6457	2635	7461	1754	3883	4237	972	3597	55	4136	1060	9126	7753	3852	8947	7918	2459	9897	2623	4458	4161	8562	4048	4104	1262	3612	1636	1672	8521	4857	4477	3684	1321	2891	7077	8654	2733	3527	1953	1525	441	8296	6772	7490	2715	5341	3274	7157	3084	1536	2949	1704	8114	9236	628	6972	7953	9146	8287	3896	9281	6848	2704	
3467	6779	9575	5771	2074	6142	8031	478	1706	2094	3537	2371	9948	4748	232	4290	6192	5472	2493	9715	5719	962	910	7218	2969	8729	9307	9803	3823	1611	4621	181	415	8211	4754	5995	1682	6432	745	3765	1987	2122	8246	1253	6470	8351	5635	5230	4850	2428	7812	2447	8092	4759	8949	1548	3010	5961	6706	7341	3889	7241	4243	9216	3108	419	1169	3098	2553	2792	9961	8651	6145	3663	9341	9872	8132	2857	2321	1265	8207	6210	2601	1898	4379	7284	3900	2423	4555	6197	212	3609	4834	4688	3413	357	6814	7441	4328	1484	
8277	9610	4516	245	602	2675	2615	6822	2828	8574	486	7569	8332	5688	2159	3803	521	3916	9095	7784	2521	2961	6501	1106	9030	6660	858	9289	4306	2624	779	5172	793	4633	3852	3093	4114	2201	203	4747	7953	8082	1942	5217	6044	8322	6618	1828	7160	8356	4106	3233	3967	2546	8936	2205	5216	8936	4259	7886	6788	3381	9917	1190	9992	411	5671	9825	1900	7845	8843	7572	5414	5576	8246	7317	3700	5970	3552	4025	733	5775	3865	6504	962	4491	626	4525	118	4562	6677	1129	3110	6210	7506	9128	999	1906	280	6763	
3708	604	4316	7844	4433	8533	1864	1217	823	6350	9555	4719	1643	6707	937	1311	5461	1409	3863	982	7946	452	565	751	9919	3693	8016	9051	3915	227	7939	8905	6311	897	9393	3872	2196	1069	1138	4584	6985	8313	6280	1897	968	7826	4396	8092	5068	9846	5754	6077	8546	9187	6614	3922	3728	9866	8793	4645	422	6050	4796	9981	5344	9960	783	5211	5957	7860	3943	7568	3071	9128	1666	9916	6951	5361	5384	4257	8924	2384	928	8486	9776	8754	3852	3272	6767	3099	3058	122	973	7394	9927	4717	3467	3382	3114	4298	
1094	4222	8795	8828	1676	1117	7510	5948	4619	7156	9392	7556	2840	642	9613	9204	3129	1127	3627	5459	1920	9126	6494	1533	6948	8856	9081	2395	2333	6590	6502	897	5212	2286	6290	6704	1173	2062	472	7148	2490	4655	3336	7191	3493	8705	9140	460	1697	7844	1319	2024	8726	9806	7250	9027	2575	8025	2484	6397	5465	7764	2102	4707	7259	7801	3648	8848	6333	4015	2939	5216	502	8134	9364	9808	5510	4751	9066	993	5964	8078	4516	7980	3077	3800	7650	6335	3714	5110	7342	9510	5892	4716	8414	8772	919	4915	410	2400	
8024	4114	6516	3565	5044	2668	4393	9714	447	6626	7826	9528	190	3705	807	2546	2433	5686	5793	5670	737	7878	7098	7913	6449	11	292	5642	5732	4288	6290	7220	8523	1117	3479	9047	1689	2886	8137	7488	4885	5742	5713	4485	2843	4153	6627	2221	6624	766	9684	4444	287	3563	7404	124	1189	8164	1274	7158	3301	4595	2078	2368	6841	1091	8151	881	3943	216	8762	7424	539	3029	7627	4715	454	17	3835	1539	515	7236	4895	3748	1954	5963	4136	2722	8643	3099	7684	9582	9600	6546	4449	6585	2375	4360	1785	8736	
8899	7157	3375	7941	662	9581	9444	5534	1877	7398	997	5078	4032	5930	2053	418	9228	8696	1763	4686	6063	2020	5368	2470	7640	4751	9359	9185	7752	1617	9937	5175	9841	3107	7900	1651	4937	7577	5919	2947	426	5596	2389	4588	6874	5686	1515	7339	2803	2694	1183	8518	1054	6020	2520	8289	5424	6703	3820	5085	8929	7633	3474	91	212	9908	5445	9342	536	8605	1265	7885	7499	6343	6301	4536	5046	2491	6917	9090	8025	8923	8610	7261	1475	7102	3400	260	4269	5013	8957	8353	3668	3196	193	1263	898	9901	9582	1849	
6264	3086	1389	3105	3002	8282	6482	4654	4791	8029	9558	300	1987	3561	8639	1015	1795	5462	30	1058	9572	1351	8868	3537	8216	1943	3714	9608	8990	993	5180	1258	9341	5455	3272	8211	1852	5691	2873	8209	7521	129	8963	4061	5717	7477	7418	2056	4881	2497	3692	5152	3959	935	9703	2818	4110	5	7576	7033	6091	8694	1313	4452	2313	324	470	4758	6470	2444	2773	6199	4857	8954	6031	5624	8707	1811	9879	2276	9553	8402	7382	2001	4523	2250	2777	9046	493	8666	8376	1559	6351	702	8211	8011	4626	7106	7771	9359	
7914	9281	6714	1987	5475	3340	7904	7106	4897	7847	9083	8159	2504	6445	9698	4650	7028	3795	8846	3794	1958	778	4101	7877	4972	4814	6277	7091	6076	4796	4554	6865	5853	9152	3948	921	8545	44	7176	9358	8291	6644	3144	909	8681	9254	3314	1071	9734	8760	5482	6699	1087	5594	9749	584	919	1146	4555	240	3978	3334	952	8977	7170	9371	7103	5805	745	4205	2827	5665	3676	4720	628	6002	4409	3410	2330	899	9605	5787	5601	2515	987	7485	3546	2852	4692	4966	7625	7382	5872	3364	8248	8210	4223	6456	9159	3699	
2559	8947	94	4494	6034	8669	818	2226	6955	8884	5839	4922	8948	1313	1800	7712	9807	5655	3160	8716	4888	9381	2884	4553	4179	7979	2895	2824	1863	5065	2425	3167	8278	6194	3813	6777	1400	303	1638	2161	6019	2192	3189	1721	921	7998	4674	3828	2558	8684	1700	804	645	2156	846	4509	854	9214	305	3465	8573	1378	7944	7445	5986	399	1652	7656	4657	5324	1380	5667	7078	5339	1824	7060	55	9318	5874	2133	317	6545	3570	3441	6527	623	4765	3271	8589	7473	3073	6167	9079	9769	6904	633	552	2412	814	8285	
7842	2502	2672	6700	5831	2120	3171	1502	5985	1068	5278	8821	2271	3673	246	8487	3420	4370	5284	1593	8365	3000	1812	7206	247	7424	2477	6287	3771	5456	7336	1164	2672	1810	7679	5840	8971	1035	1107	1467	4220	4565	9241	5978	5016	6808	371	1145	783	1432	1575	4136	7194	2040	1230	1483	2931	5100	955	9979	5632	6636	3445	3642	8045	7652	2579	8852	5109	9336	1172	7696	9165	6757	136	1190	1181	9427	2478	7563	6811	9559	2922	5448	8566	2340	8002	1801	1693	6641	6966	481	1098	2454	1978	6010	4606	4688	1650	954	
2153	3556	4249	5393	6758	2848	4397	9407	8945	2701	5802	5107	3606	5569	561	3645	2151	3345	2005	4517	3178	163	6099	7749	6941	4321	8043	353	3335	6873	4143	4423	8364	3058	8167	6241	5980	5018	5374	6152	8872	8458	9004	9010	6594	4251	3489	5372	2673	6673	7451	1490	6014	709	7140	2235	5982	1713	6796	4931	6604	7333	5358	3792	8097	2774	3889	3045	7955	3654	5629	9332	9191	1503	2520	4414	1669	6296	8173	1287	4263	2106	3991	7461	8413	6332	7135	1943	7728	4523	224	7555	6096	6038	1459	8711	3933	3557	3148	5296	
5807	89	4992	521	962	5694	3409	7483	1169	366	1416	5539	7645	3039	3822	9266	5547	7532	6055	4334	2776	5618	5580	9909	2121	7249	9299	1025	3491	9826	5260	6551	6707	1847	2522	6714	6156	8445	5597	141	283	1359	7000	6581	7512	1093	2532	1292	971	1065	8880	2450	7257	6378	9171	3566	8154	2185	2816	5731	3575	8481	9973	1661	8197	9396	8000	9803	7641	8160	1661	2950	4055	9296	7360	4799	4363	62	5948	4664	2291	6039	8111	9544	1991	551	3562	5186	9350	516	8912	8847	7118	6998	3018	535	4120	4595	6260	6399	
1949	4553	5560	669	4937	2517	9989	551	2891	6448	7899	1721	997	9097	2870	7797	8855	6494	8373	9764	5474	7076	838	5659	2988	7254	1471	9865	3759	7817	2939	908	1245	1918	5952	4180	1765	1489	9689	9007	6843	9199	5989	7875	1015	4	8443	8363	8332	5154	4487	4824	4147	5518	1062	329	7651	2180	5338	5846	8015	8522	4954	5301	781	802	9514	1455	5631	6937	146	6349	1119	2509	5325	6060	8715	8076	3216	1871	6987	9015	6325	4548	9323	5429	8948	9535	8761	6388	829	4994	8653	3818	5908	7550	7440	4394	4041	7603	
1770	466	9587	6291	476	5952	7688	3013	3398	85	7003	246	6935	1378	4947	249	7519	5567	2372	1119	4242	2331	2573	1362	7419	2109	5421	5947	2826	8728	7762	1235	1996	318	6575	8087	9109	363	5002	996	2077	9698	543	738	5364	8486	4500	1742	5491	4894	6987	9471	8833	3947	7517	905	3646	4726	3257	9248	2848	434	5865	2628	5847	6929	6253	1211	3071	6595	6358	397	7426	4057	3425	2233	9575	1863	9629	5044	2139	807	1179	3217	4250	2458	4114	3196	3482	2778	9388	4593	6437	6412	4049	1850	401	9153	4126	8693	
7341	8139	7585	2228	858	1756	611	2941	8547	6329	8930	6386	2683	574	4090	3291	8562	3036	496	6639	1379	9149	1435	4898	765	1048	1999	3272	5276	3792	2887	7256	9379	4855	718	1643	4297	7967	91	9300	845	929	1126	9850	5302	2663	9451	6016	5660	6451	7930	8325	8493	3011	4393	4839	2893	9964	6711	9923	2653	5811	6781	6919	3558	1387	2371	5817	9778	3800	2779	5440	3640	946	1886	4960	9106	469	6946	6563	9356	9845	5973	99	9004	6783	4217	8196	9672	3051	3852	4350	3304	2926	5474	4712	4905	3163	9297	3776	
5995	2665	8009	3863	4424	7424	9710	9801	8210	7565	4803	3786	7575	9637	2901	1964	7683	4663	4513	2029	435	8633	1683	5677	5873	2500	7244	3374	7377	8844	4623	9652	9831	71	6808	9388	9250	1424	7049	5704	4441	67	9091	8	9281	4504	5133	9941	4568	4541	1668	5734	8065	9627	1248	1286	8524	2011	9774	397	3201	8465	447	1546	9433	6774	764	5250	7433	7540	1316	8546	1564	3227	3300	1249	2572	497	2882	6673	61	549	2151	6932	5430	7172	1830	8330	3021	1813	5804	3945	397	2751	5574	2982	519	8874	6794	6943	
770	4051	3011	7963	3664	5017	4636	2409	4447	5412	1016	133	8776	6293	1900	6009	4791	856	8090	1776	9160	8647	43	53	2314	7048	3271	1611	1379	9639	324	3734	3936	430	6441	5750	8567	5008	5998	2883	3611	3285	3570	9668	6635	9647	5176	1018	1752	2764	2592	377	6352	3460	2685	2119	5340	4674	3336	637	6658	9088	5200	1579	3864	5147	1211	2439	3670	5653	206	3493	9558	9209	6181	963	1307	1769	5504	3931	8411	1635	9883	6476	7323	8898	4200	6258	9445	5825	9466	8433	8888	6122	5648	1825	5709	7309	9005	6451	
1393	1436	3568	9378	8212	3331	2981	2933	5772	7797	6887	7377	6598	2865	5968	8331	1659	2051	5902	5178	4331	359	9316	8043	5145	425	6858	1310	5219	7512	2082	7902	6092	7032	6969	7726	3015	4231	6949	8127	8050	7175	8193	5310	3005	2138	5810	3434	6069	7820	1669	7235	4626	2634	6072	1230	6057	9488	2082	133	271	3488	3423	4987	2363	5919	1963	6061	8949	8777	2842	6820	4065	1077	7682	647	755	307	3398	2606	5310	6593	4625	9281	9869	3725	955	3487	8988	5	6586	9882	6100	1434	343	5023	9393	1635	8860	6307	
4690	4062	4648	8265	189	2273	703	8593	4764	6623	4432	9658	888	774	6724	9288	6256	6644	5488	7105	7222	1674	7191	9537	8886	5657	8944	7117	5892	4089	8863	4820	6753	4057	6306	1986	6346	8336	8602	6926	4349	6610	4276	899	6664	6446	4259	4652	1280	3540	6316	2377	1434	7140	5006	878	8442	1201	8380	8554	5398	6629	2792	9140	8262	110	733	4466	5963	7414	6905	228	6921	7600	1237	1021	5874	4830	851	6497	7552	4944	6403	6170	4590	2583	2930	9813	1012	8439	5839	233	541	4635	9275	6120	6870	6162	8461	3053	
7430	2743	7663	9173	820	7022	4296	6251	4234	4410	8934	4380	4804	8300	4056	5801	6293	7142	8934	6266	8470	638	9710	2047	3083	8398	5996	1362	3653	6040	9045	5384	3341	7846	4592	3767	2755	5519	7920	8353	7988	3670	5218	8623	7553	5709	9280	2041	9618	295	592	9985	6822	7146	6973	8255	7381	8467	2048	6391	3045	7236	9514	487	9365	7896	3328	9884	7210	247	2147	3189	9923	8149	2874	6831	7291	2021	9839	2959	3882	2524	4436	5854	1912	9552	8784	9150	2464	2574	761	7131	4700	6762	3567	7165	1843	1633	8115	6106	
5868	7467	1762	9176	4925	9053	7571	1680	4804	3914	5464	9598	3409	3130	6564	6885	9839	5218	8522	959	9278	1379	2701	9170	2606	1727	6185	8783	2297	6741	5373	1028	9005	2606	3332	320	2420	4288	2943	8166	4450	1888	6368	2491	1419	7684	5381	2250	2959	9334	7088	3799	6564	2149	895	5281	8013	3750	6156	5200	3388	376	9235	9229	545	5028	4971	5617	6734	7539	1923	9558	185	7145	7195	3658	1676	4384	6396	161	4925	3392	7957	5162	3781	2201	5411	666	1520	1747	4012	4757	832	2205	8424	299	6845	6754	4092	8302	
4205	7881	2788	3746	7324	331	7036	4846	8904	8288	9276	383	7788	1234	6654	7803	2535	9331	7341	7634	2472	5851	6124	7057	8649	8953	6992	1105	9269	5754	4938	668	6454	5544	117	8175	2415	3258	5832	3147	4259	9865	5081	7126	8145	7074	1999	462	1533	4711	7666	4478	4011	1456	5969	8505	2138	9696	5455	1122	4955	498	7994	3310	9469	1986	9786	9762	6007	856	6835	966	4977	8719	3047	1451	7103	5539	699	2040	2746	7369	2820	1888	5309	8185	9790	1472	5129	3478	3081	8308	8550	8254	816	6169	7078	5180	6855	7981	
2711	4235	2752	1603	4614	9861	2954	2290	1178	1930	3719	2253	1924	4780	7721	7230	4977	4247	7544	9739	9545	6862	8690	4378	2375	5456	4384	7777	9301	5434	4784	4710	8756	7478	2420	4597	8277	5041	7991	624	7831	9913	7063	3984	4077	7749	2916	9994	1675	320	9187	8509	877	2861	4495	5096	8260	9134	5597	8056	5902	4783	378	8175	5761	6621	9395	1280	8452	9445	1440	8631	8409	3079	8671	1990	4139	456	9193	1465	2240	8951	3538	9755	1643	1559	3042	7394	2401	4043	4091	2037	7781	7745	9927	14	2130	4133	256	2794	
6885	5222	3739	1996	197	8517	9858	7074	7184	5737	9836	5568	7011	6048	5195	2265	9797	2240	3425	9612	1056	3564	9104	4410	9662	5634	269	2789	7964	6384	4576	6420	1405	8615	6187	8948	3166	3320	2868	4729	9233	2827	8577	7570	4440	2495	367	3242	416	9788	6127	3034	104	899	7822	2299	6284	4135	1039	1562	2866	1349	8503	6405	7040	6622	4084	6225	5832	5813	3787	4654	1266	5748	9789	2210	3028	1497	4421	4610	5296	6366	8080	3024	9066	3094	8250	1581	9765	659	9009	1327	7529	101	7176	6478	4898	781	6522	8009	
4872	9695	8041	4870	9351	1446	7074	7670	6059	641	1983	1942	2985	4539	825	514	6300	761	983	1412	7755	2380	2807	2154	7956	3014	1576	6998	2519	7097	7362	14	3025	2107	9378	228	1508	3174	9510	1920	1903	9563	8754	3370	7551	3911	764	8500	3250	4398	9962	5011	9251	7572	4310	8430	1831	3531	8922	5678	2931	7430	3934	7494	7928	827	1436	2813	7980	9847	7228	8438	2534	8812	1297	5713	6150	9206	4287	778	8783	9003	8487	9598	1889	4112	2992	270	1991	2984	8324	8221	7882	8903	9508	6516	7472	7285	6425	2276	
4725	767	56	4299	9492	663	6769	4239	2498	9979	517	4744	8263	9859	7857	6235	9850	1156	6139	9984	8391	9218	1735	2661	7072	2082	2535	6443	3390	7885	4653	7934	8290	912	2926	4931	7116	5600	6982	5177	4550	8251	2449	82	2575	9450	9517	7867	8528	6211	250	7991	9068	3675	9354	6314	1560	1625	8971	2993	8532	9125	1982	3631	2278	8639	5971	1249	4994	6284	7811	8083	8216	4938	3962	6924	8234	837	6991	4580	5351	4579	8177	5559	6761	4058	1263	5505	6824	6785	2068	2488	2505	7523	814	3418	9670	560	6921	7099	
4155	9885	2125	8256	8794	6092	4385	8138	284	4983	506	2458	1013	8518	9348	5235	4659	5440	3387	8830	9042	9662	3478	2102	1806	7914	3745	5411	8487	3286	1846	7188	9642	1562	5224	9141	3042	2405	1531	1089	6154	5492	4115	1536	4957	4449	8423	801	4972	3315	1585	8612	7388	4243	1014	6830	5625	78	6973	1999	6139	3174	7245	8160	8724	756	4743	4645	7202	5000	3229	5283	1479	7169	3613	9131	6819	2456	2575	8564	7579	2390	6407	5079	5080	3333	4886	8676	8030	2932	4468	3634	3479	357	6018	4627	892	9712	8607	6037	
9183	2602	2841	5029	6888	8465	6142	7791	1178	6654	3422	9936	4193	3661	574	5900	907	2488	4252	4587	5680	2447	4874	5327	1999	1588	4665	9281	790	99	964	521	8589	3103	8709	8795	3920	6808	5992	8494	968	568	9482	7241	8148	3596	2541	6679	7753	6432	4123	9177	8419	3491	9860	7674	4375	3738	9895	7966	2935	1024	6169	4515	3600	1227	2980	2762	2036	6874	6687	7663	7839	6890	2454	5395	7816	3480	8182	6811	6054	8833	7047	8897	3500	9989	8022	6936	9235	1626	2814	8830	9362	9756	1827	9434	3948	6818	8954	2836	
3815	6332	88	6708	4836	6968	2006	8450	8336	740	5038	1709	9798	8206	6101	5719	6334	9000	244	9645	6310	4615	6180	2789	9068	1818	1509	272	2501	167	8764	7215	9357	7233	3655	5265	619	86	1822	9434	6176	3269	5512	4976	4748	2716	9943	8495	5822	3936	6017	1676	9590	7558	1932	7127	2136	8638	1125	8713	1055	671	380	9293	3467	2173	9328	8043	3160	5991	6851	2351	4573	8429	9913	4249	1790	9087	4595	6525	2558	1825	2162	4682	4501	6027	8138	3240	6730	4316	6853	5274	3101	9006	3200	5587	7572	1508	5846	8870	
9583	48	3575	1941	7466	466	2101	7803	9919	4187	8219	9989	3381	1472	2506	506	5673	8473	8114	9276	5111	7241	8489	2311	7973	8856	1195	2246	3356	2635	1998	2005	4660	6229	3376	1008	9595	1783	9567	363	9762	3556	2629	8939	7029	3775	9967	1201	4388	3749	2472	4087	6290	135	8950	7011	9129	2160	7217	2921	7608	7621	5883	2540	4379	8954	4321	2933	6037	3441	2348	6972	3101	4109	3204	4563	3442	4021	8642	5267	7435	3668	6177	4445	3120	4701	6352	3490	8543	4987	1350	4287	6076	2902	6051	5824	6408	8307	5102	8918	
4380	3171	144	8643	210	8635	6476	9009	1344	5251	202	3010	9170	2680	4879	1683	3316	220	1435	2986	1577	8557	7710	3870	1114	35	9591	5973	8462	5043	8475	3128	7026	5441	31	4435	4966	7986	4370	1129	532	95	153	1781	3342	5429	3432	6059	4914	6890	4858	3148	3244	74	8814	2808	5768	3919	1166	7054	3443	735	1180	3631	9102	1615	9676	8833	2365	5878	9624	9967	1378	4492	420	7742	7184	9537	4751	8794	9183	3802	7954	8142	3324	8709	2984	1747	7050	1262	8986	4304	7065	411	6198	976	3649	7698	203	145	
4747	7994	3412	9448	7276	5406	734	9153	559	3550	7080	7364	4574	5424	9702	4324	3677	452	8514	850	2003	5573	1728	2478	8613	2218	6076	1885	545	9469	3618	4198	4900	6147	3193	9990	9849	2202	9981	4435	7614	6481	3495	4686	8820	32	9051	7537	2659	5401	8031	6584	2967	1446	4291	6125	7836	8642	2113	1403	9185	4260	4595	3524	3404	7813	6411	3214	3306	2947	1890	1864	5121	4398	6161	9802	6660	4751	6165	1402	6194	3929	2323	2507	1979	7271	712	6992	5904	9333	1099	159	294	1883	1170	9264	7319	4372	4430	6148	
3461	4381	6100	7443	7931	7528	2824	1646	8546	1600	8072	4643	4189	4343	850	6942	1666	1692	2403	5116	2390	8072	7773	4667	1507	5975	8980	2078	1352	8244	5958	8653	7790	2220	4501	3720	3938	1845	4418	2284	4851	2984	4183	8334	8202	8601	9824	1013	2577	6727	3543	8932	8322	7007	4972	2629	9373	1659	5341	6721	6725	8856	712	8459	7	9717	122	3948	3192	1159	2194	665	6587	7241	6215	1378	9723	3041	8738	740	5115	1006	8970	9885	1480	4893	4906	9631	3239	2683	1345	8334	1568	1973	4326	6723	6647	3851	486	835	
4083	867	5020	2202	4332	5401	9739	6833	6326	1764	939	9614	9796	1412	8397	6187	3179	5320	2589	8959	1093	2300	9331	632	4559	5151	9046	1194	31	594	1742	7936	5301	445	2564	7905	9084	9884	6616	2703	9117	3270	2654	3353	7521	8622	6791	2833	5665	6354	5111	5383	2700	9841	9192	7571	8196	6554	7419	6242	2309	6991	2550	3752	7571	3944	6062	4772	495	2516	2578	1009	8181	554	4993	1480	4517	7278	8234	7939	3565	4512	1998	5021	5631	9278	9236	4213	8020	3545	9	7809	349	8661	6161	4942	3185	7481	8367	1254	
5144	983	284	8475	9330	9062	4520	3919	6485	7354	2426	6406	9602	1221	8709	2691	4003	9831	5882	4703	9715	7345	7876	4265	8169	7640	372	7655	579	5540	5353	7626	2203	1752	9419	7392	2360	4444	2341	6050	4580	5686	7389	1662	3557	2663	7697	751	3755	4913	7791	8520	6741	7462	5424	6784	6592	7660	5667	5142	9421	6157	4850	9558	1021	4139	243	7156	1691	2769	3405	9845	5191	452	8309	142	6299	6568	2484	1908	9819	4063	1654	8418	2078	6780	850	1032	2995	1398	9473	912	2754	328	445	2925	3265	981	4440	7740	
8383	8649	2549	9820	4256	2186	7318	2090	8006	2525	8484	5269	5112	3221	7013	5697	2386	5479	1421	2023	1256	6233	9427	6281	3992	7592	7406	1010	5227	7609	1053	8556	5480	5815	4528	7644	9030	427	6582	4151	4171	58	4003	5432	7893	2456	3550	9882	1812	1018	821	8527	723	8201	1933	3459	145	6787	5241	1067	5632	2027	662	887	6618	4800	2434	3575	9914	9739	8663	5577	382	6563	7175	5744	8247	1211	7413	8544	1738	2490	6990	4166	9015	8107	4194	3989	8147	139	6147	3259	1716	8799	1129	306	2424	6584	4687	7378	
8674	6783	2093	2579	4883	8555	9427	2849	1041	3714	4607	7768	3814	3739	4604	7247	3048	6897	3431	9873	5392	6308	4558	854	9050	2378	2264	5488	2888	2531	3243	529	8610	3914	3278	9002	4382	5479	2987	7982	1656	4609	9760	1942	3534	9905	3459	925	1995	4834	8624	1131	926	2996	7056	9967	1398	6847	1383	7830	6700	8405	3898	9912	1229	320	2652	3377	3170	8587	7764	4269	1838	2045	9260	1485	740	7327	808	2934	7523	4511	9440	3224	1535	8621	2556	8796	8908	515	5900	2871	5625	1969	2401	796	9223	6982	1771	2301	
8197	3323	5776	1585	5626	3689	7878	8833	9725	4987	6637	4813	4212	3214	4044	9948	5784	4388	1094	3696	1745	6104	6665	2648	3955	6556	9011	479	8773	6335	9248	6417	3802	4074	7797	5534	1741	7497	707	1671	5326	2135	2088	8822	5491	3586	7735	5386	4029	2717	6418	3807	7593	1204	3074	7020	3118	7146	8868	9462	42	7647	9247	3794	9700	7837	2949	6008	7821	5410	3174	7939	7785	1928	1756	2597	5027	9983	5063	1335	706	652	3525	637	6	9722	684	1464	2190	783	1752	5861	5930	9802	1788	5908	7688	3080	518	5139	
6654	4502	5428	3496	787	8545	7245	541	2009	5033	4526	950	3674	4100	4721	1854	8751	8191	9643	8303	2615	3023	9411	4769	5498	2501	5482	7242	6187	6447	3771	5779	6947	3772	5617	9803	7439	312	143	2964	1752	933	5808	3403	9355	6234	4028	726	3813	4021	6579	1702	9901	5069	5929	732	4702	4051	8430	328	5263	6550	7881	1260	5168	8501	3200	9791	8483	9007	711	5597	7493	950	9730	4764	6808	242	4825	1657	462	6722	2711	8929	4804	3422	4847	1660	2744	1096	9788	4403	1385	2080	9858	3794	2858	6487	6438	2681	
210	8011	3287	4156	7635	4720	600	8938	7604	3664	3132	4203	5278	5658	4604	7011	9727	3734	8247	3011	7503	3176	4903	1263	7117	2291	7052	7801	5012	4548	6263	6172	4735	8271	2005	4693	1222	5640	5878	6732	2757	6952	8473	1168	4039	9823	9254	5792	2852	8120	5431	2599	212	168	3012	7567	9727	7328	4953	117	6642	6211	6342	4877	8912	4177	4980	5340	3587	1105	9183	8484	1917	9965	6980	4493	9776	2407	3576	2733	5589	330	9090	4730	7469	8075	9318	567	9202	7294	6399	2299	409	5765	6569	4239	6663	2659	2456	9381	
221	7551	6024	6710	9505	3764	1010	6852	9018	1829	9303	6814	6008	4366	7164	8482	4253	7829	4226	8524	2476	8448	7249	8989	669	7280	9217	1639	4426	7610	5317	7828	7993	5639	164	6919	8645	2913	2885	2938	8219	5806	9446	534	47	8265	9753	5569	6969	1499	6956	7378	1648	1785	6164	1088	9408	935	8533	6632	8123	9418	127	621	6474	1179	9064	2890	2029	376	5155	8339	135	8244	1931	1962	2351	5791	2526	3037	340	5968	7256	1036	6529	8638	42	9448	4137	1470	2983	4727	671	631	1963	981	2964	4321	2664	3780	
9645	3868	3087	8916	4961	5517	2215	285	2316	8819	5053	6489	8787	3208	9609	7103	9429	9715	8968	4442	3065	2202	6347	3000	9130	7812	124	6494	3980	8125	3128	281	7081	3859	1101	7775	5085	6509	2961	2356	8682	6699	2252	8264	3417	1672	9188	5278	2366	2924	6819	8632	5894	2910	5127	3838	496	3863	565	6189	5029	929	3339	5308	7045	5855	6721	3689	943	3798	923	3682	1101	9945	7790	5088	5514	1442	2188	8494	2065	7340	7726	7207	5539	4366	3965	3229	3621	6658	5932	7046	8611	2579	8118	6449	9701	2324	7648	8055	
493	9566	4538	1228	505	7266	7079	9844	6331	8748	2374	9426	3730	5960	9149	1516	869	4718	7265	8938	7884	6393	5013	957	507	8086	1612	237	4332	3624	2700	8699	2488	6280	497	2549	4433	4217	9531	5528	7151	3418	246	4335	3413	8244	9860	3065	3215	1699	2473	7001	5291	7234	1554	2071	9825	8799	930	8180	6176	7613	5883	7642	4326	4808	9253	9442	3867	4244	4863	7919	4715	974	3823	7688	4702	3332	8183	4276	3766	3040	9671	5277	5668	3327	1560	7414	9912	7361	8652	7321	4707	1801	7968	1241	2746	3667	2218	1574	
2442	4997	4197	3951	2322	4158	2054	3170	2241	5628	8795	9695	3917	10	6367	4379	8941	5349	76	4127	4100	1120	3469	3504	6026	2542	255	7930	6393	3932	4244	982	4337	1633	8739	7979	5480	8141	2671	4656	8498	239	6130	3968	1912	5507	8598	4838	6856	2360	7265	919	4073	5680	7946	111	2234	3936	6796	8227	4886	7047	5094	198	4549	8908	668	5639	3106	8816	7950	9927	7492	2674	6354	265	5148	3393	2752	5298	1786	6076	1275	8960	1180	2309	9687	8423	2197	1893	7851	3398	6101	1945	9845	297	9722	4969	6068	2647	
1635	4777	7750	5163	4477	969	3230	6416	2540	6151	881	469	5928	3972	4046	8640	9553	84	9751	5487	1072	8015	1809	4505	9963	2357	6388	4467	9477	9230	8191	495	5376	1438	8699	3119	7983	4904	4314	8663	4189	10	8620	1984	2980	7638	9310	473	3931	7296	831	760	2159	8659	3872	4575	8556	8847	104	9609	7352	4765	177	7907	9900	7075	6883	2215	6064	9410	8346	2308	5698	284	6598	922	3875	772	8127	1745	3886	4078	5379	6617	7509	3685	4974	1275	6522	219	6581	3455	3320	3851	2575	3783	7211	58	5856	4585	
3954	3308	5795	4570	3567	1475	803	8501	7689	4323	3910	3786	4511	4160	2550	468	3576	6857	8270	8131	2251	9518	5022	6200	5784	1675	9371	367	4642	4377	6278	3270	9578	7642	9527	6908	8761	2995	2790	6805	9433	2214	6741	5802	6337	7852	6989	8717	5611	1346	3284	8938	4755	4939	7128	6584	3262	483	715	6143	2949	3635	1003	6628	476	5696	6876	1456	8515	2350	5204	4863	6553	9490	7186	9332	4296	630	6428	2601	2641	4181	3044	723	8757	9926	6535	4373	3917	9061	9554	9899	5430	636	8001	3639	3980	9090	3717	2441	
6578	5850	7136	8390	2300	9420	3984	4795	7801	3760	1942	7483	3776	2150	627	8148	9813	7107	78	4576	5592	86	5908	8040	9771	2617	9692	5474	8942	3539	758	2539	9673	6762	335	8543	7941	2070	291	437	9991	544	3504	6744	8858	2057	7875	8208	5064	9783	5282	9024	9109	6330	7765	6840	6440	3133	2946	8106	4230	8120	2787	7865	6989	8162	9717	3390	1722	9012	4752	6997	8791	9177	1710	2084	4916	7969	698	6379	4961	7125	5767	2246	3942	2965	9610	2416	7104	9468	8052	8338	4184	549	1072	4249	4128	9719	7430	1222	
2061	8684	3817	2894	9964	7583	1283	4514	7907	2820	2075	7657	9557	7873	9360	5785	9872	5082	7573	8340	6775	3995	2969	6287	5559	7726	482	382	905	924	6757	3755	7763	7872	7012	6214	219	279	8868	950	1193	7812	5290	798	4951	8688	9666	1274	8312	7662	9516	9208	8802	5645	9363	2356	5897	2294	7051	7660	9129	5557	7687	8466	2208	9269	868	7072	2182	4500	9893	1621	5547	9830	4747	5694	6187	53	9265	4656	416	9813	7138	1857	8052	3446	151	4182	544	2707	1217	551	9654	2599	4207	4463	8200	2447	6621	6784	
6852	250	2425	8355	6957	4077	8083	5709	5590	4132	6496	2941	2301	7939	1259	8881	2481	6650	3433	4424	7586	5655	5015	947	3060	7429	8674	7493	9759	8194	5635	9306	486	7726	101	4627	7714	8239	324	1391	5915	5585	6580	85	563	347	5483	4270	4654	9502	3452	415	6017	118	609	1156	9590	419	6020	2137	7017	2625	474	7585	7219	3123	3933	4730	8016	2686	2052	7256	8815	1633	9841	1901	4901	4435	198	5114	5294	4485	9589	3711	4402	9318	771	6414	3680	8517	7048	2190	6426	5473	3702	6779	5292	1133	6708	1995	
9898	3279	4198	1836	2709	6023	2634	3720	7529	8957	3329	7194	7734	2099	8039	7851	5609	3337	7986	1445	2199	8816	3203	6473	8533	9222	7740	6027	1591	7456	2751	6011	1811	6566	3198	8095	5969	5895	2548	6155	5906	9822	350	1107	7913	6284	5048	615	2026	3301	9280	2893	9166	519	1369	3645	128	6884	6095	8853	1687	8001	7441	5373	2705	1094	3728	6037	5864	6070	1714	9018	4147	7321	243	9687	7292	4613	9178	4360	4025	5276	6851	7690	6889	6190	9326	8927	5022	2382	243	5773	2769	9170	1279	4838	3094	6661	1664	3106	
1053	9063	874	7112	6818	4996	3411	5852	6594	9537	7025	162	9978	322	7118	9057	7229	3161	8405	642	834	6058	5996	7415	9256	3770	9117	8009	8471	9669	5699	426	8773	8878	6957	6762	3281	8177	4594	7268	7055	5349	9730	5320	3985	621	9221	4788	5630	9757	2338	2315	6305	890	6462	1608	6833	6234	5695	1723	9576	2779	9995	7649	8531	9583	5890	5155	6197	2405	8693	9557	1688	9843	7521	7375	3265	7151	2076	4120	686	1677	4123	7421	5551	2899	5437	7330	2815	7128	1064	8671	541	7018	5502	7292	2123	2255	2683	3255	
6930	1396	5230	4562	2976	753	6818	2554	8800	8989	6151	3233	260	4958	4610	4973	9200	1448	2798	2634	2102	6023	3005	8074	3898	888	4191	9565	2050	9409	1213	5052	9692	417	2083	4446	3420	5122	9960	4254	2928	3211	4747	2036	2049	9090	2763	4239	584	7375	5731	1316	5947	1883	3105	2832	8867	4759	5474	9401	3547	5913	6699	1315	1655	2866	9606	735	751	619	199	9598	2902	4525	3770	1475	9899	7663	7516	3942	699	5354	5746	5316	769	7241	4425	2836	4748	9436	2027	5733	427	7516	1643	9699	5447	3065	509	9304	
1277	5326	3909	6975	5863	8342	9946	7539	7269	6456	8711	8710	9165	4350	1390	4926	8973	8932	4457	2058	9353	6363	3199	7555	8181	1261	1630	3933	7616	3339	7291	3021	731	9473	6164	6116	8949	6283	5758	1193	2788	818	1408	948	7474	415	4987	3911	3330	2752	3444	2743	2541	8472	3232	4952	8190	688	7307	184	9478	5291	7316	8449	6076	8344	8137	5634	4485	3232	2826	3239	8507	4143	1037	7252	6478	3792	5086	545	1604	7249	8944	2431	7630	2550	5316	2441	8248	4937	6340	742	8524	5487	3565	3034	1861	8069	6919	9452	
4763	2361	9315	1474	5519	230	8384	5657	5348	9447	4681	865	5688	620	1022	8085	478	7786	4094	792	8794	1565	4126	8523	8440	6281	1256	3515	7657	9774	4451	5975	7434	7114	8475	1007	3347	9432	2605	1080	58	950	7986	540	9089	9444	5717	5758	9282	5832	9410	3067	4501	6911	7324	7964	3452	7278	155	6712	8284	3078	7121	8166	1320	5750	1224	3088	5755	9514	5962	8884	2514	9554	3787	3540	820	4173	2647	7485	4751	7860	5812	1828	7935	7603	8835	2252	4941	4770	9097	5189	3235	658	692	6366	2008	4610	3500	7243	
5740	5025	8328	2994	3809	6622	5594	2143	2100	9164	888	4407	6391	9617	9640	9625	3164	7598	3719	4944	8608	856	1606	8806	4289	4868	8737	3651	7869	7586	5773	7315	585	2176	4382	3077	6235	8672	130	6431	8645	5812	894	9135	8367	8885	6467	8076	9535	9186	3980	876	6727	7846	4678	9519	6923	4482	3692	5000	5741	5258	1102	8923	3399	9420	4206	9794	9412	2810	9912	9721	236	4825	5483	2458	2283	7282	9639	915	4604	3189	9573	5923	23	1390	4189	7348	5444	5376	4936	2657	8090	237	2516	9209	4713	6488	2925	9244	
1536	5857	654	7954	9516	655	9716	7403	6830	7181	9306	6705	1688	2171	5702	5929	6516	2549	2400	5129	848	7680	7738	7875	7018	7584	2593	6911	563	1704	111	888	7571	217	3449	1485	906	6955	7948	2359	2606	2153	6191	3625	3862	2838	2565	6499	7154	3182	5857	9026	3476	2296	5702	8978	687	8727	3307	3795	2394	3168	4567	1017	6081	9653	5550	2605	1321	6768	2472	8593	1902	3340	3834	7585	4475	7820	4212	9125	2068	1087	7158	7699	4611	7515	8415	9457	1182	1398	9828	8424	6273	1988	9834	4292	302	2075	3216	6280	
9245	6578	8523	8846	8257	3000	4895	636	6682	4865	9863	5474	96	7642	6162	64	4770	3246	6378	501	7371	3889	130	210	8397	6553	4123	700	6093	8317	3987	2272	7499	9686	1691	2082	6397	2226	1331	2590	9623	7175	1508	3423	6088	612	4249	1709	2820	4403	2891	2609	1210	5451	6664	3108	3553	4386	2863	5302	2244	8064	9259	2123	8823	5198	9930	3776	2868	3950	1208	5771	3623	8468	1373	5839	6898	2161	8847	3422	9774	16	1461	5418	5279	2777	4778	7828	818	5860	2842	4214	8597	3656	6285	5756	7859	817	684	8844	
4363	9295	1412	6614	9197	9163	4614	5703	8928	6613	2889	3096	9074	1624	9229	3779	4701	3439	9565	5445	8562	1025	7200	3375	182	2664	475	3879	2437	5008	2615	923	263	9098	7802	1221	4269	0	5653	4794	3416	7075	7241	3261	1431	912	375	2049	8538	5537	3091	1419	8456	7359	2964	6261	7273	6725	2539	6367	1121	8385	6077	7121	4874	7955	318	5995	8844	4088	1484	2365	9500	3568	6181	7410	1678	3115	7558	6519	5432	1602	9122	890	4309	6034	6603	2621	5235	2659	9567	1850	5594	2583	914	8993	5529	8846	4724	5884	
1406	966	4047	2915	6097	960	9616	3963	1005	9533	7679	9578	3453	1288	9164	854	3568	9228	9544	3451	6520	7142	7437	571	5668	4822	7595	1823	2263	8527	1057	412	2901	8974	8756	4769	619	8407	1870	9709	9448	4058	8502	3085	9467	197	6951	4563	6218	8547	6992	6866	2444	5554	2440	6694	884	786	124	5536	1594	9849	7767	4607	7864	9764	3837	2347	8254	1304	1811	7370	8338	7991	7838	2405	5543	3982	1414	1733	4713	8250	4135	6695	5491	3306	3413	1055	1213	5072	8777	6616	5397	4722	812	9481	5816	2877	6782	180	
9037	2041	3188	3592	2895	503	6172	5190	1238	214	3630	3808	5776	9461	112	4669	1136	660	390	2538	4227	771	837	4490	3068	5068	6675	5646	7115	2460	2428	5088	2782	4204	8067	7273	4900	4814	3731	5411	1962	2003	8609	5976	2276	7433	8433	8041	4921	5298	1873	5307	3259	2159	1285	1499	7842	4427	5616	130	8133	1349	1915	6452	7204	54	9670	4803	7268	1776	185	8368	7832	8439	3765	2353	8872	2617	3515	7150	4449	280	6856	1014	1081	169	6893	2862	45	6485	9927	8089	4648	9053	1391	5716	4850	2394	5471	9288	
7764	1874	5007	4722	4003	3143	6812	1567	2193	8185	9781	9361	5691	2460	7233	5103	111	9076	2032	8472	3551	4364	3228	5015	7979	6279	7003	9267	9582	654	1588	3854	6503	5575	5068	3613	5137	582	8460	5510	7617	7022	7937	3893	2461	9920	495	6202	2612	6916	6131	1852	3773	502	5715	7489	7679	5127	1524	7845	1850	6772	8377	1767	5297	3044	3826	4804	8645	3194	1832	4027	5999	4218	4755	2895	2889	7177	3623	4203	105	7118	1081	8239	5211	2692	8689	4425	3338	2177	910	9455	3531	6241	3536	1449	3495	3963	6806	3564	
2067	9925	8564	8992	509	6212	7217	2594	4484	4811	2811	6838	1972	3860	6519	8069	2285	3421	3961	4164	3760	7242	604	8677	1557	8009	206	1142	6604	9426	9627	5512	4638	988	6101	2570	2735	2845	1085	2579	786	2394	9792	4127	8680	2300	6945	4993	9863	900	9967	2870	1716	6901	1779	3130	1101	479	7032	2932	3172	8524	423	5964	1227	3219	8957	397	5129	5002	1148	438	8487	1129	3995	2138	5946	8874	3194	2007	589	556	5463	1604	5962	9110	1094	7283	260	1784	1457	3718	7284	5246	6699	2894	9519	2462	3890	2462	
9056	5296	4001	1006	1431	6397	4943	971	3661	9168	1848	348	1907	3770	4389	3760	711	7058	8378	8003	7137	745	7692	5535	5536	3594	5646	8031	9564	7504	4567	3503	3784	7027	3569	975	2502	698	4144	5831	3862	3172	1948	9204	9069	706	4797	6591	606	5163	4307	975	39	3043	6032	2837	2459	3958	6178	3478	1175	9279	7312	4758	4723	1605	7151	9870	4152	3924	4514	7600	4280	1737	2365	7250	8654	7559	9764	5926	9379	7848	9653	8042	3850	4317	606	7355	7721	9590	780	5380	7204	7837	4593	5221	5319	4252	7041	8271	
6816	2143	9161	5691	9303	7716	8093	6890	9964	8031	7773	8487	1435	6794	9939	825	477	1290	5659	6149	702	5148	5439	6896	9383	2014	4174	9665	888	6395	2665	6869	3268	9118	5130	6749	6392	5480	3809	4785	3273	9084	8044	2008	4281	1111	721	6207	4390	8061	3916	3719	6159	6302	9376	7276	2628	1336	4940	4415	4345	9046	59	8309	8966	4710	5559	2920	846	7945	2588	4267	6778	4707	6021	7531	2946	8562	1109	4449	5063	3019	7107	3653	6192	8687	6515	5644	2847	6957	4045	6225	1998	8290	9293	8914	8476	9403	2214	5041	
2382	1035	4579	1211	9587	4775	6508	4918	3609	8879	6017	3635	6406	88	3190	7042	3300	5220	4043	3733	6043	4034	3319	685	5820	7282	5313	8609	1400	5841	5482	8093	1003	2002	7322	7334	7993	4622	6277	9595	7203	7202	5722	8760	2021	4247	1128	6788	9871	2639	5421	2235	2558	8411	4285	3846	6726	1178	7947	6261	8031	8379	8519	6158	3737	9779	3188	3295	366	2538	5957	1696	7762	9600	5219	7844	2985	2205	7773	8670	517	6534	2237	3537	3674	396	2563	8655	5153	4110	3312	3219	997	2222	3329	9658	9725	6353	6710	987	
9110	5152	2334	3608	8045	9660	625	1868	6998	8415	5146	9252	8012	8301	9694	779	2421	9080	7933	4750	7232	1795	8964	5790	8254	8814	5453	2083	3595	6657	8084	1165	2999	2628	8182	5446	1653	2571	1048	8212	5328	1519	4273	6906	8549	5990	4597	6814	6609	1045	9439	6693	1911	1596	6939	8747	9502	7295	4365	7119	7877	5829	7505	4730	5620	7146	608	2592	7969	271	6555	7663	1259	4385	7672	6021	4262	1687	3190	5966	1731	4197	622	6394	7323	6461	1224	8717	3001	5605	1543	800	8433	1219	1090	8534	2449	9445	5168	7369	
7106	2334	8783	1538	9034	8347	3793	7031	9522	9123	1620	5694	2319	7756	8845	4912	7152	5371	8784	4825	7570	6963	5054	7708	1619	127	4923	6595	385	3114	7562	1156	6862	3323	7768	8592	4307	7119	9170	581	2734	6879	3556	9171	2217	8320	6640	9387	9896	5896	8534	9346	3231	7758	1942	6662	7038	395	9871	7608	3210	8829	7443	6871	9688	2235	5881	5693	489	594	3598	4803	7325	5469	3002	6000	1685	5715	6203	5710	7193	4091	7520	77	9730	1626	5251	8689	4998	1213	5219	1623	9374	2690	749	4709	709	5712	4343	4767	
7551	7368	1002	4837	6467	2851	745	2906	4103	6698	5906	4431	4215	4725	9631	958	1009	4123	4249	6259	8480	5944	1435	196	4082	5325	7806	1778	3880	6993	6022	8775	1322	2548	6168	7359	2405	9092	9654	5268	3283	329	5369	3473	885	8860	7882	4408	254	885	6717	8559	7103	6112	5402	6660	3578	753	4409	7826	7558	1327	2569	6812	6047	7004	7166	1814	454	2293	5365	5107	380	3892	6324	2072	583	819	7331	6383	3598	7195	7009	6968	199	9994	69	6203	5611	3059	7858	265	4434	783	549	8224	5680	3778	6334	5836	
3019	7321	9465	3434	4936	2255	8264	4360	5201	8974	7103	5033	6294	9282	1723	7524	941	6137	1280	3372	6567	2951	1389	8939	6288	5526	1902	5847	2098	5947	6958	6438	6519	4852	8071	5406	6585	3309	3528	5109	393	6625	3057	9367	6584	670	9246	7350	4164	7841	7134	2092	3026	8481	7199	2891	7829	2584	5287	9094	1097	3403	4865	793	6447	2282	1139	2674	9829	499	3656	2291	6224	1409	7662	3295	3817	7426	2446	8770	9713	2439	7236	5806	8226	8356	4218	6879	2516	3111	7173	3568	4361	8373	299	1015	7222	9536	4336	3947	
9598	4949	5052	1926	1676	3041	7818	6021	6140	4132	5247	8460	4071	9902	5413	5670	9162	6709	1780	2715	5586	4185	9212	7706	9350	7166	7425	3957	6528	2281	835	8156	2585	214	504	9618	80	5686	9065	3340	9735	6726	6806	6984	1163	2474	3270	634	4142	5864	3440	4689	2834	5569	4543	2296	1379	7003	9509	536	2562	729	4719	9482	9242	4876	961	6267	8273	8914	1262	4361	9389	3373	517	5130	2384	927	4379	4619	977	2449	1282	5494	5656	8307	5795	7149	5510	4477	9981	7234	4943	5156	2425	7817	3557	4921	7625	3173	
1282	8699	653	3583	609	5981	1570	4278	2026	7378	1192	192	216	5972	7678	9742	8073	9108	8364	5933	5218	8299	5516	9033	3003	1471	517	956	7022	322	3494	3204	8968	2276	7180	4883	3081	9609	2032	9104	2062	5542	832	4858	8888	7220	8344	5277	9320	2086	8093	4637	2506	5415	8646	7215	3275	669	4071	9528	4025	4235	619	2172	7253	9650	9805	2616	1191	2534	8131	4188	3263	1199	9832	1840	4819	1702	2036	3031	8298	2656	7067	4545	1411	6823	1455	1306	6115	4003	7746	1888	4137	2743	9516	5330	3072	1544	9925	8275	
5777	9737	4127	5790	961	8337	4227	900	5118	9390	9655	9136	6290	5123	4617	7900	6466	9597	7851	8716	1525	4611	3947	8104	5012	6155	1597	2440	2139	7642	3735	7912	2121	6099	8377	6586	3625	8209	3063	938	7933	9504	7284	8413	3428	7845	9148	4435	8073	7661	702	155	2360	5811	2725	2021	6636	3804	4690	6899	1386	9516	6200	521	2820	7499	8819	4628	1611	9474	9141	1575	9316	4175	527	8224	9781	329	8008	9769	9453	6893	4717	1114	7533	2198	9589	651	5255	5675	640	7079	7745	2899	3164	5437	3126	1732	2291	800	
362	4904	3188	6622	535	3760	7244	62	8296	7891	3585	4546	9426	3551	9595	9932	858	2001	4239	8941	5127	5791	1401	3609	1717	994	8710	9734	2227	2737	7980	4963	6618	2008	1478	4788	618	6312	3343	3388	8850	1911	1914	980	2172	8936	8108	7351	8131	1302	855	9984	9009	650	6403	5227	9050	781	7835	8296	6063	2775	114	7887	2719	2789	9840	6605	1104	1400	1692	8956	8614	1162	7640	3776	2142	1836	9044	1006	2410	8571	2832	8839	937	242	7457	1394	6258	4008	6255	4840	541	730	4665	5529	2974	9315	2757	6956	
1439	5527	3960	1699	2585	751	5950	9293	9342	2607	6711	4805	7686	1188	7438	7207	5027	1417	3991	3603	6147	3880	117	2762	4531	3773	7301	6389	2715	310	9786	2886	3993	2695	5574	9446	4205	3771	5457	9197	3535	8820	2729	7024	9784	3907	2903	6308	3059	4771	3130	5200	8929	4672	7314	2481	547	1509	8874	6616	5640	8835	3555	4174	4068	9277	9146	1191	3321	9744	757	6820	1524	3361	735	5170	4726	3102	4605	3313	5245	3894	6444	8031	7935	7860	8697	498	6979	9831	4861	9140	5868	2061	355	2968	3298	4989	9128	8508	
3278	3076	7693	3431	5122	4088	1484	3905	9860	2936	2885	9634	2485	6228	7091	2306	9985	5769	80	6576	8949	2788	2465	9614	2728	8488	8799	4298	5336	1803	1284	8263	7251	5467	9375	4617	2318	9597	2755	8096	2308	838	5234	876	7343	2786	3489	5871	7644	9026	4953	6416	4366	4995	4250	6379	1090	6185	3771	1045	4810	2619	5282	7662	4649	5751	2876	2815	8058	1142	7770	3395	6685	7738	8345	2418	8270	9348	5276	9400	2483	1539	4344	6101	4963	2039	8620	6413	4558	6835	1147	3584	2332	5984	8455	2355	1222	2638	6827	1837	
8363	5109	4884	2894	5520	1258	6430	3833	792	2046	9447	9363	6587	1040	3874	8260	630	7907	475	8842	9599	3514	8754	92	5362	7871	9845	3228	6541	7699	6030	6598	9461	3551	1078	9413	6259	7178	8452	7989	47	8083	535	8547	2359	1742	1467	1072	3468	300	8587	1716	8905	5906	804	5184	6192	5980	1906	8956	8819	3962	2378	8494	5660	4328	498	9404	6378	3980	7040	6409	6648	5305	6510	9883	6924	5264	9559	9806	5817	246	8817	7297	5681	6800	3975	6637	2954	6378	8833	6422	3467	4760	3746	571	5076	2004	7742	2487	
